ITS2 type profile UID		23937	24018	24019	24991	24017	24973	24021	24944	24022
Clade		A	A	A	A	A	A	A	A	A
Majority ITS2 sequence		A1	A1	A1g/A1	A1	A1	A1/A1cl	A1	A1	A1
Associated species		S. microadriaticum	S. microadriaticum	S. microadriaticum	S. microadriaticum	S. microadriaticum	S. microadriaticum	S. microadriaticum	S. microadriaticum	S. microadriaticum
ITS2 type abundance local		22	18	15	15	6	3	3	1	1
ITS2 type abundance DB		43	18	40	40	16	4	8	5	8
ITS2 type profile		A1-A1z	A1-A1dv-A1dw-A1dl	A1g/A1-A1l-A1cr-A1o-A1dp-A1p-A1dq-A1dn	A1-A1ds-A1z-A1dr-A1bh	A1-A1dm	A1/A1cl-A1z	A1-A1z-A1do	A1-A1du-A1z-A1ds-A1dr	A1-A1ea
45834	ES1_30A	0.000	0.788	0.000	0.000	0.000	0.000	0.000	0.000	0.000
45835	ES1_33A	0.000	0.809	0.000	0.000	0.000	0.000	0.000	0.000	0.000
45839	ES1_36A	0.000	0.835	0.000	0.000	0.000	0.000	0.000	0.000	0.000
45837	ES2_30A	0.000	0.879	0.000	0.000	0.000	0.000	0.000	0.000	0.000
45838	ES2_33A	0.000	0.870	0.000	0.000	0.000	0.000	0.000	0.000	0.000
45842	ES2_36A	0.000	0.884	0.000	0.000	0.000	0.000	0.000	0.000	0.000
45840	ES3_30A	0.000	0.816	0.000	0.000	0.000	0.000	0.000	0.000	0.000
45841	ES3_33A	0.000	0.799	0.000	0.000	0.000	0.000	0.000	0.000	0.000
45845	ES3_36A	0.000	0.804	0.000	0.000	0.000	0.000	0.000	0.000	0.000
45843	ES4_30A	0.000	0.000	0.000	0.000	0.000	0.964	0.000	0.000	0.000
45844	ES4_33A	0.000	0.000	0.000	0.000	0.000	0.965	0.000	0.000	0.000
45848	ES4_36A	0.000	0.000	0.000	0.000	0.000	0.967	0.000	0.000	0.000
45846	ES5_30A	0.000	0.871	0.000	0.000	0.000	0.000	0.000	0.000	0.000
45847	ES5_33A	0.000	0.856	0.000	0.000	0.000	0.000	0.000	0.000	0.000
45851	ES5_36A	0.000	0.882	0.000	0.000	0.000	0.000	0.000	0.000	0.000
45849	ES6_30A	0.000	0.873	0.000	0.000	0.000	0.000	0.000	0.000	0.000
45850	ES6_33A	0.000	0.872	0.000	0.000	0.000	0.000	0.000	0.000	0.000
45854	ES6_36A	0.000	0.879	0.000	0.000	0.000	0.000	0.000	0.000	0.000
45852	ES7_30A	0.000	0.840	0.000	0.000	0.000	0.000	0.000	0.000	0.000
45853	ES7_33A	0.000	0.819	0.000	0.000	0.000	0.000	0.000	0.000	0.000
45836	ES7_36A	0.000	0.855	0.000	0.000	0.000	0.000	0.000	0.000	0.000
45855	KS1_30A	0.882	0.000	0.000	0.000	0.000	0.000	0.000	0.000	0.000
45856	KS1_33A	0.883	0.000	0.000	0.000	0.000	0.000	0.000	0.000	0.000
45857	KS1_36A	0.871	0.000	0.000	0.000	0.000	0.000	0.000	0.000	0.000
45858	KS2_30A	0.850	0.000	0.000	0.000	0.000	0.000	0.000	0.000	0.000
45859	KS2_33A	0.858	0.000	0.000	0.000	0.000	0.000	0.000	0.000	0.000
45860	KS2_36A	0.857	0.000	0.000	0.000	0.000	0.000	0.000	0.000	0.000
45861	KS3_30A	0.853	0.000	0.000	0.000	0.000	0.000	0.000	0.000	0.000
45862	KS3_33A	0.849	0.000	0.000	0.000	0.000	0.000	0.000	0.000	0.000
45863	KS3_36A	0.847	0.000	0.000	0.000	0.000	0.000	0.000	0.000	0.000
45864	KS4_30A	0.866	0.000	0.000	0.000	0.000	0.000	0.000	0.000	0.000
45865	KS4_33A	0.868	0.000	0.000	0.000	0.000	0.000	0.000	0.000	0.000
45866	KS4_36A	0.868	0.000	0.000	0.000	0.000	0.000	0.000	0.000	0.000
45867	KS5_30A	0.844	0.000	0.000	0.000	0.000	0.000	0.000	0.000	0.000
45868	KS5_33A	0.840	0.000	0.000	0.000	0.000	0.000	0.000	0.000	0.000
45869	KS5_36A	0.840	0.000	0.000	0.000	0.000	0.000	0.000	0.000	0.000
45870	KS6_30A	0.800	0.000	0.000	0.000	0.000	0.000	0.000	0.000	0.000
45871	KS6_33A	0.793	0.000	0.000	0.000	0.000	0.000	0.000	0.000	0.000
45872	KS6_36A	0.000	0.000	0.000	0.000	0.000	0.000	0.000	0.000	0.801
45873	KS7_30A	0.807	0.000	0.000	0.000	0.000	0.000	0.000	0.000	0.000
45874	KS7_33A	0.803	0.000	0.000	0.000	0.000	0.000	0.000	0.000	0.000
45875	KS7_36A	0.806	0.000	0.000	0.000	0.000	0.000	0.000	0.000	0.000
45876	S1_E_ST_30B	0.000	0.000	0.990	0.000	0.000	0.000	0.000	0.000	0.000
45877	S1_E_ST_33B	0.000	0.000	0.986	0.000	0.000	0.000	0.000	0.000	0.000
45878	S1_E_ST_36B	0.000	0.000	0.981	0.000	0.000	0.000	0.000	0.000	0.000
45882	S2_E_ST_30B	0.000	0.000	0.983	0.000	0.000	0.000	0.000	0.000	0.000
45883	S2_E_ST_33B	0.000	0.000	0.982	0.000	0.000	0.000	0.000	0.000	0.000
45884	S2_E_ST_36B	0.000	0.000	0.983	0.000	0.000	0.000	0.000	0.000	0.000
45888	S3_E_ST_30B	0.000	0.000	0.000	0.000	0.947	0.000	0.000	0.000	0.000
45889	S3_E_ST_33B	0.000	0.000	0.000	0.000	0.948	0.000	0.000	0.000	0.000
45890	S3_E_ST_36B	0.000	0.000	0.000	0.000	0.949	0.000	0.000	0.000	0.000
45894	S4_E_ST_30B	0.000	0.000	0.000	0.000	0.000	0.000	0.842	0.000	0.000
45895	S4_E_ST_33B	0.000	0.000	0.000	0.000	0.000	0.000	0.846	0.000	0.000
45896	S4_E_ST_36B	0.000	0.000	0.000	0.000	0.000	0.000	0.851	0.000	0.000
45900	S5_E_ST_30B	0.000	0.000	0.987	0.000	0.000	0.000	0.000	0.000	0.000
45901	S5_E_ST_33B	0.000	0.000	0.987	0.000	0.000	0.000	0.000	0.000	0.000
45902	S5_E_ST_36B	0.000	0.000	0.982	0.000	0.000	0.000	0.000	0.000	0.000
45906	S6_E_ST_30B	0.000	0.000	0.989	0.000	0.000	0.000	0.000	0.000	0.000
45907	S6_E_ST_33B	0.000	0.000	0.989	0.000	0.000	0.000	0.000	0.000	0.000
45908	S6_E_ST_36B	0.000	0.000	0.981	0.000	0.000	0.000	0.000	0.000	0.000
45912	S7_E_ST_30B	0.000	0.000	0.991	0.000	0.000	0.000	0.000	0.000	0.000
45913	S7_E_ST_33B	0.000	0.000	0.982	0.000	0.000	0.000	0.000	0.000	0.000
45914	S7_E_ST_36B	0.000	0.000	0.982	0.000	0.000	0.000	0.000	0.000	0.000
45879	S1_P_ST_30B	0.000	0.000	0.000	0.949	0.000	0.000	0.000	0.000	0.000
45880	S1_P_ST_33B	0.000	0.000	0.000	0.958	0.000	0.000	0.000	0.000	0.000
45881	S1_P_ST_36B	0.000	0.000	0.000	0.951	0.000	0.000	0.000	0.000	0.000
45885	S2_P_ST_30B	0.000	0.000	0.000	0.956	0.000	0.000	0.000	0.000	0.000
45886	S2_P_ST_33B	0.000	0.000	0.000	0.965	0.000	0.000	0.000	0.000	0.000
45887	S2_P_ST_36B	0.000	0.000	0.000	0.965	0.000	0.000	0.000	0.000	0.000
45891	S3_P_ST_30B	0.000	0.000	0.000	0.951	0.000	0.000	0.000	0.000	0.000
45892	S3_P_ST_33B	0.000	0.000	0.000	0.942	0.000	0.000	0.000	0.000	0.000
45893	S3_P_ST_36B	0.000	0.000	0.000	0.956	0.000	0.000	0.000	0.000	0.000
45897	S4_P_ST_30B	0.000	0.000	0.000	0.945	0.000	0.000	0.000	0.000	0.000
45898	S4_P_ST_33B	0.000	0.000	0.000	0.956	0.000	0.000	0.000	0.000	0.000
45899	S4_P_ST_36B	0.000	0.000	0.000	0.957	0.000	0.000	0.000	0.000	0.000
45903	S5_P_ST_30B	0.911	0.000	0.000	0.000	0.000	0.000	0.000	0.000	0.000
45904	S5_P_ST_33B	0.000	0.000	0.000	0.000	0.000	0.000	0.000	0.957	0.000
45905	S5_P_ST_36B	0.916	0.000	0.000	0.000	0.000	0.000	0.000	0.000	0.000
45909	S6_P_ST_30B	0.000	0.000	0.000	0.957	0.000	0.000	0.000	0.000	0.000
45910	S6_P_ST_33B	0.000	0.000	0.000	0.956	0.000	0.000	0.000	0.000	0.000
45911	S6_P_ST_36B	0.000	0.000	0.000	0.962	0.000	0.000	0.000	0.000	0.000
45915	S7_P_ST_30B	0.000	0.000	0.000	0.000	0.953	0.000	0.000	0.000	0.000
45916	S7_P_ST_33B	0.000	0.000	0.000	0.000	0.955	0.000	0.000	0.000	0.000
45917	S7_P_ST_36B	0.000	0.000	0.000	0.000	0.960	0.000	0.000	0.000	0.000
Sequence accession / SymPortal UID		883-930	883-9195-9682-4911	965/883-5444-5893-10912-10914-921-10915-3660	883-70735-930-66507-2055	883-2796	883/2061-930	883-930-7327	883-2069-930-70735-66507	883-7626
Average defining sequence proportions and [stdev]		0.960[0.055]-0.040[0.055]	0.597[0.047]-0.210[0.019]-0.145[0.044]-0.048[0.006]	0.289[0.027]/0.176[0.036]-0.165[0.051]-0.089[0.016]-0.086[0.026]-0.070[0.015]-0.048[0.009]-0.042[0.009]-0.035[0.008]	0.619[0.018]-0.148[0.011]-0.123[0.012]-0.090[0.009]-0.019[0.003]	0.901[0.011]-0.099[0.011]	0.488[0.251]/0.503[0.251]-0.008[0.002]	0.908[0.010]-0.050[0.006]-0.042[0.004]	0.898[0.045]-0.029[0.005]-0.029[0.016]-0.026[0.020]-0.019[0.012]	0.924[0.099]-0.076[0.099]
Species references										
S. microadriaticum	Freudenthal, H. D. (1962). Symbiodinium gen. nov. and Symbiodinium microadriaticum sp. nov., a Zooxanthella: Taxonomy, Life Cycle, and Morphology. The Journal of Protozoology 9(1): 45-52									
meta_info_summary	Stand_alone output by bbch on 2019-04-21_09-11-11.320104; data_analysis ID: 52; Number of data_set objects as part of output = 1; Number of data_set objects as part of analysis = 38									
data_set_info	Data_set ID: 278; Data_set name: 20190221_CBASS_84_classic; submitting_user: not supplied; time_stamp: 2019-02-20_23-28-27.750276									
